Mrawr 3437820647 108750553 200000000 120247254 200000000 200000000 104624710 200000000 43663203 104675713 50867435 137217168 132766785 45686082 105178524 164507418 110435206 105418146 119995607 200000000 182565223 113167478 47947535 51028064 114573790 200000000 74131897 200000000 372856 
Aiyfe 490740443 13038222 27746709 13087858 25511420 13398918 17554434 13387396 14098546 14187717 13167529 18123433 14325780 16828355 14124122 28220403 15389476 13601912 19235148 25526737 18382810 13442896 15975749 13525598 13858433 20852468 14117867 49608496 422011 
Riunn 1399775461 33600494 30198556 27851087 70012268 64519604 31768734 62243989 45600357 42498989 17347082 69049689 30454218 24337308 20457061 55938876 19824950 49293518 106268791 70857012 33408071 17306042 113997502 18542109 17691246 106997579 63478758 156231571 -1 
Gadnuka 614483462 17454463 27031499 17309908 29874780 17837169 18258245 19964565 14743790 18746691 13327208 41089499 17331284 17596054 20572569 37430348 19304122 15517495 33433929 28115447 18489826 13314729 18179919 14818290 13698985 15752803 13833119 80986015 470711 
MiracleEdrea 193759616 2764241 8380962 3016006 6426873 3773839 7108699 10505089 4892716 10848211 10306144 3096994 13493644 7745941 14378333 18809344 3197112 4433603 16903415 6276007 3260048 5762099 2423427 11906944 3410845 5393364 3013935 2166822 64959 
Beanie_Babys 298458724 -1 -1 -1 -1 -1 -1 -1 14697558 15455086 14368945 13900889 45078449 13098624 16978881 18033801 2011663 8590289 3046218 2797744 51353558 5961063 3262023 10383753 -1 923210 19591874 38909293 14637 
Firekev 1093224612 38811974 38631788 37483316 57661019 31132821 19058769 48667438 20128936 19600318 15363014 48206547 112577390 16783810 24462884 27043319 39839441 18017765 104903396 52276515 102506233 14667047 24425461 15884485 16716928 36395398 16261155 94987103 730342 
Joe_G 856084975 13534784 91810369 16329499 49287516 21769857 15504575 14707339 14360708 19500038 14042431 23591648 16971080 14500908 14621139 21166240 21532190 14788535 200000000 25356022 19977277 15665820 15217892 15100539 14393894 78837494 16838498 56678683 -1 
Supaskulled 108970621 2954416 4397157 2674952 4981860 2427061 6936536 5035187 1243789 1808784 1550819 722636 3609418 3656066 13907256 14125940 1414556 1999824 13946442 3733261 4865176 752702 795836 1413541 1477974 1825977 2971465 3678256 63734 
Boat_Chan 903149963 33223898 39198016 34713114 45753304 18953998 16294319 18682363 17110680 15993674 17029146 21113486 19577990 19255820 24729903 68929645 74992928 21293739 28961851 43142954 43593116 14618123 20157478 18043060 20439130 64070205 17097620 125631096 549307 
Miner_Setbak 205473985 13287868 13248332 13238210 14829098 7578271 13339275 13035340 14432662 6130762 15243707 3157231 5354486 3283044 13118595 17961301 1011863 892246 1091528 4306260 4505522 1230577 1227945 16571033 1041050 1987217 2022500 2348062 -1 
Peace_Maker 630068148 13332278 14491103 13647906 20977908 13984176 14797503 14472734 15807098 15632278 16729361 18573688 19486399 18174926 19242903 17037978 19095825 20809640 26994879 54581834 71383792 14297633 16835332 16061751 23043930 19658320 16520531 83822163 574279 
Peace_Reborn 1513003275 25965996 25860619 42229171 60196867 47729043 22810003 58395466 22021731 30217883 20522933 55151224 26376840 36176958 30397959 69498343 109791391 41079866 32882289 121031268 133495056 16675840 27913312 30305707 73156884 123744731 29062803 199733879 579213 
Beerfisto 26779431 328107 297046 264571 339464 222218 222085 126573 742899 1338460 817015 769103 4629213 2358298 2314771 2620127 1411607 781198 165413 184298 244470 508385 317819 2434143 1214446 124384 1999146 -1 -1 
Don_Dandello 144090296 1216514 1225614 951470 1344583 1259227 466098 1916435 1603492 2706392 4415272 1779281 2861308 13519464 18458535 36077980 1213133 3848409 16736672 1310295 435958 2890207 443491 2422133 566516 639297 11042349 12348581 391590 
Sunohn 91369552 2708753 4128639 5621338 5275796 2794159 2704616 2847843 3730970 14554686 1464832 8475341 2746653 2530487 3262635 2886942 2186280 5468927 3265257 1986681 2214950 934560 1477492 2360044 2006625 1487896 2002144 245006 -1 
Firek3v 14907181 -1 -1 -1 -1 -1 -1 -1 228495 358275 184042 475428 453572 2093582 2218852 2014596 105523 1185307 831165 164950 1084123 339634 173571 421760 -1 177548 2085964 302237 7313 
DecayedHopes 260576351 20235659 16842669 16850100 19863559 5401364 13321052 6970789 10156800 6614368 4132555 13289134 6898559 4298382 13041883 13159067 2694972 13718178 3821243 11829934 12130807 3279644 2752640 3025172 2380094 2793387 3696630 27377710 -1 
White_Sundae 1351548037 104278004 71903797 104298903 136412389 55928161 24542197 104807375 14050393 15613846 13850636 17121784 19156953 13755416 15536303 19804977 36100112 17000005 13831920 153220271 23170218 13134460 13528209 14288684 104413674 16937744 13524738 200000000 1336868 
T_ah 838095259 26355376 17102518 67592016 78441971 48408354 17349857 87798185 15427081 15359508 13227900 20915675 15488987 15441836 19949212 28149693 13674462 15710526 30958478 63957733 14800601 13373386 13524343 13843693 15490136 54807823 16438349 84507560 -1 
Fantasea 494147678 21312996 105267838 6650336 64511084 40603016 11390113 43650205 5636113 6244573 6020339 7296825 5785347 5587259 13025589 13107277 14267538 12265566 5594511 18449018 6269178 5477587 6012573 7950180 10072491 19112355 5977249 26586078 24444 
TheTrueHelix 185516879 2968113 3398383 3528219 3504936 2274949 2171753 2079759 5205368 7222629 5253827 10405283 13720546 13166007 13957215 14798201 9752763 2841573 18395441 2710964 21751113 1397971 3095380 2619663 1739685 2101328 6113708 9224645 117457 
Swimmyy 1221892794 27516115 141250423 27600481 142576432 123538537 16370907 123611344 14702665 19438515 13974976 13697686 61619724 15819898 14730580 19153387 47015353 18892415 16068440 46036740 30946812 13712478 15650745 16176590 15256517 104746887 17934546 103696285 157316 
JK3 535821498 13555178 13805229 17711627 24387991 20753885 16748282 15647798 14441014 13576642 13106879 19397409 21386731 13363320 15094452 18892369 14642094 13712704 20922494 20748974 19639677 13191538 13502183 15663014 13321785 32683872 14439781 91484576 -1 
Noscerius 911602144 18577463 32484532 14379863 91116463 19094052 14817694 200000000 13387898 14654622 13236022 17794018 14054511 13781473 14002303 16429558 13706665 14183504 13593860 104481557 28451669 13341118 14952601 14261786 14486961 64058567 15064947 93208437 -1 
Woohee 517974780 13265100 27327852 8731415 30839285 31448987 10162821 14516798 13066986 15891828 8855040 18706951 14417553 14959822 13149697 26851952 6890309 9217587 37477095 36571969 6323942 15556668 15698571 6211545 13270025 10948570 22615452 75000960 -1 
Questy_Gal 3492166 171811 144290 127392 179776 15212 71188 295439 34294 75999 40399 25997 41812 114312 724325 1005327 52553 25061 24892 52577 36935 40753 3901 88295 5165 23983 24166 -1 46312 
Jaykorr 248454 4565 6970 -1 14582 6274 6141 15367 6112 -1 -1 -1 117926 -1 13644 6004 -1 -1 -1 -1 -1 -1 -1 41429 -1 -1 -1 -1 -1 
Dead_Doc_13 129965345 1520367 2102939 2916082 4670633 1233294 1769712 9557380 617576 13034869 1243376 591575 1724118 2134522 2936989 1244258 2853569 9318981 13088058 1768352 18655784 522321 3822852 14088888 2745444 1211204 13299850 1140456 151896 
Wenlock1992 133023652 3322005 3321821 3321307 4082540 2042910 13073019 737977 13069170 2717378 13056455 512814 6174140 13098628 13158600 1241316 13094170 13137763 96434 29505 205405 330611 16451 13129404 7856 13788 32185 -1 -1 
X_Godzown_X 583164724 14396008 17835472 52429221 61492678 37997329 17687498 75709577 13052300 3568135 11432289 5912115 4060838 3615130 13288767 2348245 25347719 7019511 2072604 75404401 6840994 2022711 3620545 5711627 14260882 9155056 2735909 93290927 856236 
X_Godzpure_X 179195242 14134267 61783869 13311843 27128859 2445770 6556700 4091748 796383 1076444 289522 305298 904419 2073959 2018372 16097010 12282596 1278645 514920 4766144 100116 127347 139929 167072 456900 4010887 2081470 -1 229479 
Spellfire07 37659 5520 5557 5645 6533 -1 -1 -1 -1 -1 -1 -1 -1 9785 -1 -1 -1 -1 -1 -1 -1 -1 -1 -1 -1 -1 -1 -1 -1 
Seedot 15806228 67344 25648 40363 44993 9305 63087 90217 175490 1312529 400877 839144 340278 1986773 1592575 4639514 214050 46215 40611 15419 37383 642423 50961 1408308 948085 79017 695619 -1 -1 
Floopdiwoop 6534289 76128 136550 78766 265910 37294 134882 595668 306911 751121 218401 314800 114773 327563 68461 337720 342701 104995 305054 126605 66045 446054 2526 1305901 18583 -1 49405 -1 -1 
THICCwarden 276349 31460 28827 21733 15805 -1 17172 5143 -1 2824 33759 -1 -1 8875 -1 2889 8998 5221 7695 -1 -1 3087 -1 -1 -1 70513 9609 -1 -1 
Rabiy 1675162 62054 39621 39175 78377 29801 15003 148564 82333 124427 37846 186457 66476 114154 144528 263234 5093 16449 113092 10360 -1 4503 -1 6582 -1 6256 78062 -1 -1 
DrinkDrain0 192575620 5664701 5320540 5436827 11104022 7691623 14147141 12106611 2900120 2655377 5405871 15596296 6226778 5713954 6105858 6428569 7565255 4661228 6269744 10560151 4426354 3542268 4167198 4516873 13133402 3429295 5517013 12231509 51042 
Highdratedd 27320308 -1 -1 -1 -1 -1 -1 -1 4100975 499419 1132108 975431 13035445 503006 293123 3818821 2609 12606 2440 164643 1001341 1273352 15997 -1 -1 -1 485591 -1 -1 
Doseuse 405703707 17145117 17600466 17551964 31958619 30583994 14196650 19514746 16132810 14787343 14671673 27016751 23166737 13487816 13244175 17892409 3711838 4910398 2479331 31048487 22516475 6041675 6438109 7636457 7874490 2380400 13103161 8596694 14922 
Jon_3_16 621084669 34621197 24733080 30037254 53903873 62138490 15462215 31729645 17754718 13907670 13774520 14130699 18200812 13952632 13964069 15190290 14876509 13984756 21839211 28971449 28041404 13281094 13067717 13805757 15121914 28473070 13545185 42172453 402986 
Al_Islam 301194741 23259786 17769383 20808920 32619905 21651954 13504159 25021367 13312174 5438824 13282106 6118781 13633619 5409525 8196396 6281468 15208822 3464133 7197589 7548058 1499522 4632266 1539837 3372872 13720870 13492269 3210136 -1 -1 
Fairytale 771343184 1511646 13749171 1566345 80651997 154303021 13422840 21590387 21306136 18006574 14531332 24179067 19187154 17123915 14766341 21230493 15802147 15266457 106996134 52965479 23228692 13250951 13507086 14001379 13553128 30305903 16620987 18005380 713042 
