Aiyfe 499791220 13038222 27747157 13087858 25511568 13398918 17554452 13388624 14098546 14188993 13167529 18157878 14325780 16844031 14138576 28241003 15546337 13603323 19235616 25526737 18851903 13442896 15976234 13528598 13858437 20860468 14177412 49619904 8674220 
Mrawr 3451943259 108750553 200000000 120247338 200000000 200000000 104624710 200000000 43674561 104833073 50867435 137226952 132767685 46064585 105269875 164553257 110436328 105460213 123621376 200000000 189268510 113231586 47948012 51032304 114573790 200000000 74159536 200000000 3331580 
Supaskulled 110677745 2955490 4397538 2676027 4982470 2427442 7235068 5039571 1244170 1858244 1581227 723017 3826385 3664837 13908378 14173504 1445708 2103529 14027643 3915942 4989245 801274 812401 1416042 1595652 1826359 3035585 3679629 335368 
MiracleEdrea 209894908 3066930 9231886 3296531 7236443 4191091 7743010 10972319 5021233 11550001 10402648 3531057 13689271 7950859 14450065 19619223 3329272 4993113 17989080 7056558 3619707 6618157 2779727 12741910 4747738 6053551 3954001 3657920 401607 
Clloud 136431144 13172359 13145409 22565137 23191622 13338872 13212819 13256159 881115 3524819 1782967 675285 2298078 807302 503584 636895 4340552 764427 523115 945064 126538 333546 322299 44227 1033667 3591604 1015127 -1 398556 
Firekev 1105320151 39092830 38971742 37794467 58023488 31321275 19591657 48742739 20129930 19661326 15363792 48417271 113570577 16815553 24602403 27064772 41531553 18032656 105158993 53022413 105412237 14782559 24768158 15893134 16718148 36412001 16398237 95020221 3006019 
Calmcrow 1381866701 49411353 21861696 19704955 58112610 54614578 14484686 30611833 15892170 21442838 16524264 104310025 19900699 17780033 70728179 104582383 16141158 18590881 147400683 21258930 200000000 13651522 36843656 14974612 16134651 28491298 35340092 200000000 13076916 
TheTrueHelix 187537000 3007270 3398383 3557731 3505284 2274949 2238452 2079759 5294226 7337380 5253827 10405283 13729286 13274522 13957917 14802951 9819684 2841583 18676182 2710964 21891337 1424687 3095380 2651687 1783446 2101328 6801704 9233394 388404 
Gadnuka 620027803 17454472 27031517 17309917 29874789 17837169 18327065 19999653 14749089 18748069 13327208 41130124 17334982 17714077 20688706 37611074 20614841 15518327 33433929 28115447 18818494 13452360 18249841 14831010 13702551 15776005 13842559 81010794 3523734 
Don_Dandello 167621107 1646811 1895275 1673691 2056632 1757257 817117 2320490 2243793 3421870 4504809 1917521 3216658 13865979 18583857 41459510 1275996 5920816 16919552 1843222 1203429 3125508 1278004 2647713 816462 676482 14770769 15133611 628273 
