Andy_Hunts 1437391532 35501763 31861809 27852444 71449227 64528206 31879398 63300902 49894301 42875174 17515348 70899602 31231296 24743027 20740911 56940422 21790879 52237368 107553717 72134283 34269839 17627099 115749640 18644682 17719989 107345607 64740964 159089728 7273907 
Mrawr 4044130674 108767759 200000000 124975265 200000000 200000000 105506325 200000000 46907788 106692172 72025995 142670718 133125508 104358773 105660050 165134716 112853224 109568403 123864217 200000000 200000000 155801200 200000000 104365698 115759184 200000000 106093679 200000000 200000000 
Gadnuka 847259996 24754354 55169169 23955373 50648319 21465990 20356396 36326623 17321083 21155034 14009746 47068671 19320684 18546018 26864707 42254776 35744443 17808396 40206548 46375677 23790152 14426886 27034877 17696674 16473218 20204953 16741535 82569208 48970486 
Firekev 1356439948 44976253 44755779 43425064 68684745 35072855 21096694 60898874 21111591 20787451 15591749 62322889 116090019 17438702 27139396 28651073 104405834 19442360 106622475 70340796 114214537 16453808 38936949 17091869 17067737 63833051 19649496 115358150 24979752 
TheTrueHelix 300938992 6198056 6835674 5979420 6769245 3397623 3845254 3261765 11556219 13166098 13056801 16517210 15839135 13860855 14507463 15461038 14449334 7001085 21214017 4953989 24768153 4670691 13831862 13110819 8842312 4071181 13114169 18719425 1940099 
MiracleEdrea 651866430 14034169 45899737 14000527 33475357 17142901 16212994 32089959 14418359 15421000 14209848 16620009 17636957 17254218 16732342 24076911 31256406 16791850 59687678 33126950 34027607 14551512 16944190 20341347 14198633 14989250 16013695 50695393 19569048 
Jake4216 539909269 13606768 13813832 17712718 24508971 21051954 16765360 15650443 14443314 13611660 13106879 19711695 21545790 13426647 15097413 19441115 14737682 13716500 21090376 21313716 19956895 13223011 13502183 15792828 13323297 33040936 14440802 91779424 497060 
JK3 30657504 74894 135824 117874 631156 1481302 1316588 390621 161867 1310689 1402176 165803 843911 2644761 2556815 1271336 1266983 1498671 208170 59303 106836 137499 2371939 7656783 1323692 1280729 190830 -1 50452 
Supaskulled 177318980 2982874 5616207 2718703 6649279 3079439 13213082 13352313 3419561 2877728 5083602 1867532 13953378 9882895 14290190 14572882 3047599 4819501 16101343 4744696 7857777 1238812 2173875 9270181 1892128 4397954 3372607 3925831 917011 
Matthewalle2 365066679 32127029 31465787 31109408 45209032 30518867 13714228 17447827 13035525 5636058 2442420 5635359 1631247 10705179 7664411 13144009 17213239 4423017 2021368 15793864 1442373 1241577 9218001 2243539 13938076 2550810 5360437 27515060 618932 
die1988 243952267 17185595 13272364 13349498 18808805 12232806 7716938 9866737 8894454 5832261 13104433 5829868 5964826 13150673 13596268 16382899 9275646 3374786 3024941 7267090 3294755 1624408 13090594 13210420 3545696 2531319 2258680 5306102 959405 
Fairytale 1651851545 1524534 25735669 1585271 112132932 200000000 14218553 21746592 22004561 55046748 16844548 35099629 20743234 200000000 16979931 26491920 17403969 35476640 152198860 105103169 32643663 13338027 36061202 17858900 14175058 36717132 20720803 200000000 200000000 
