Mrawr 3429104541 108750553 200000000 120247254 200000000 200000000 104624710 200000000 43656669 104675713 50867435 136799208 132705699 45683199 105113895 164163326 110435206 105418125 119995607 200000000 176919150 113167478 47947535 50683965 114573790 200000000 72676024 200000000
Aiyfe 489242502 13038222 27746459 13087858 25511338 13398918 17468030 13387065 13990875 14180923 13109286 18070871 14325780 16807568 14086878 28135778 15222137 13566170 19235148 25517037 18107598 13442896 15912509 13525598 13858423 20852468 14049052 49607617
Riunn 1399734568 33600494 30198556 27851087 70012268 64519604 31768734 62243989 45600357 42498989 17347082 69049689 30454218 24337308 20457061 55897983 19824950 49293518 106268791 70857012 33408071 17306042 113997502 18542109 17691246 106997579 63478758 156231571
MiracleEdrea 181824556 2706092 8005590 2972573 6166230 3554118 6829697 10285756 4297822 10379885 9601263 2797594 13182218 6282257 14282539 18266485 3005497 3912572 16119327 5741923 3133093 5494782 2395102 9120803 3221770 5090775 2841575 2137218
Gadnuka 607592190 17212206 26599269 17066584 29516848 17721791 18224939 19896684 14663482 18612463 13327208 40660002 16305183 17440380 20554491 37067841 18217753 15362839 33264101 27840486 17858685 13280258 18174672 14794350 13687024 15507101 13751210 80984340
Joe_G 855780916 13534784 91810222 16329499 49287468 21769857 15504565 14707339 14360708 19500038 14042431 23591648 16971080 14500908 14621139 21118131 21532190 14788535 200000000 25356022 19975011 15665820 15217892 15100539 14393894 78837494 16585021 56678681
Boat_Chan 882428944 32971462 38747280 34495764 45385906 18386713 16209325 18343842 16424997 15858240 15684588 20003259 18147346 19088861 24508976 68072714 73253157 20544130 27850254 42282030 42099583 14419491 20134771 17594966 18905892 61878372 17074936 124062089
Miner_Setbak 205473985 13287868 13248332 13238210 14829098 7578271 13339275 13035340 14432662 6130762 15243707 3157231 5354486 3283044 13118595 17961301 1011863 892246 1091528 4306260 4505522 1230577 1227945 16571033 1041050 1987217 2022500 2348062
Peace_Reborn 1488644828 25965996 25852017 38905355 58582439 47377009 22736275 57067180 21623896 30193605 20327955 55061511 25103780 35880393 30204133 68780637 109758301 40562640 32667841 117524302 131755003 16526997 27789974 30274077 72170695 121715530 28896626 195340661
Peace_Maker 611943825 13332278 14491103 13644513 20764368 13983962 14783961 14238808 15111780 15629036 16555554 18431818 18085244 18002472 19155128 16374271 19058279 20324062 24771289 54531834 63395019 14169083 16674286 16046859 23033861 18772391 16300976 82281590
Supaskulled 103887353 2822339 4297361 2604347 4908254 2426693 6867193 4911241 1028511 1724070 1310480 674800 2169681 3546039 13860836 13865263 1413350 1767995 13497104 3239771 4526018 731293 730744 1375091 1420329 1654176 2870394 3643980
Firekev 1083124970 38810858 38629555 37480954 57487879 30713065 19034049 48563786 19890998 19536460 15361797 47637997 112487034 16751742 24338359 26968703 38617764 18005067 104848399 51646861 99622592 14632370 24058190 15865327 16714261 34193256 16246023 94981624
Beerfisto 26779431 328107 297046 264571 339464 222218 222085 126573 742899 1338460 817015 769103 4629213 2358298 2314771 2620127 1411607 781198 165413 184298 244470 508385 317819 2434143 1214446 124384 1999146 -1
Don_Dandello 132877761 836249 1212971 777705 1060680 910483 399692 1889617 1356540 2459949 3890162 1632002 1921517 11488369 18241218 34860319 1179965 3582829 16508438 1095851 412137 2614464 400281 2411077 538090 574142 8854473 11768541
Sunohn 91369552 2708753 4128639 5621338 5275796 2794159 2704616 2847843 3730970 14554686 1464832 8475341 2746653 2530487 3262635 2886942 2186280 5468927 3265257 1986681 2214950 934560 1477492 2360044 2006625 1487896 2002144 245006
DecayedHopes 260576351 20235659 16842669 16850100 19863559 5401364 13321052 6970789 10156800 6614368 4132555 13289134 6898559 4298382 13041883 13159067 2694972 13718178 3821243 11829934 12130807 3279644 2752640 3025172 2380094 2793387 3696630 27377710
T_ah 838095259 26355376 17102518 67592016 78441971 48408354 17349857 87798185 15427081 15359508 13227900 20915675 15488987 15441836 19949212 28149693 13674462 15710526 30958478 63957733 14800601 13373386 13524343 13843693 15490136 54807823 16438349 84507560
Fantasea 493314475 21175365 105267838 6650336 64511084 40603016 11306635 43650205 5636113 6139823 6020339 7165629 5785347 5587199 13025589 13056778 14267528 12180161 5594511 18423212 6231678 5477587 6012573 7797756 10072491 19112355 5977249 26586078
TheTrueHelix 183863779 2968033 3398383 3523299 3504909 2274949 2139140 2079759 5069999 7054860 5235094 10090913 13634309 13148622 13796596 14618694 9685562 2841573 18395441 2710964 21485976 1363702 3095380 2619663 1739685 2101328 6097110 9189836
Firek3v 12744841 -1 -1 -1 -1 -1 -1 -1 157805 317519 177543 298679 177499 2059884 2191921 1899097 90741 490969 797207 66958 759107 261728 155563 379692 -1 131028 2077205 253452
BunnyBuns 535938054 27702158 13699251 14158141 54399175 63686043 14702303 40953673 7856840 13131555 5501242 13050999 14783777 10760703 13433980 13586742 13403937 13046442 20936482 17426208 13156872 5614116 8051884 13080341 14027377 9789884 15044420 70953509
White_Sundae 1336256860 104278004 66211606 104298903 134156613 54815041 24266090 104800787 14050393 15574793 13850636 17121784 18970830 13490407 15530807 19761990 35443855 16903715 13831920 150407804 22779410 13134460 13510384 14220133 104411021 16937744 13497730 200000000
Swimmyy 1203561935 27513444 139166906 27596384 141190402 123354018 16046823 121417521 14493370 19170566 13889457 13679761 60711366 15680931 14592307 19136630 46938944 18886625 15034830 43154702 29570289 13662184 13945283 16172266 14448193 104515157 17839542 101754034
JK3 535821498 13555178 13805229 17711627 24387991 20753885 16748282 15647798 14441014 13576642 13106879 19397409 21386731 13363320 15094452 18892369 14642094 13712704 20922494 20748974 19639677 13191538 13502183 15663014 13321785 32683872 14439781 91484576
Noscerius 911602144 18577463 32484532 14379863 91116463 19094052 14817694 200000000 13387898 14654622 13236022 17794018 14054511 13781473 14002303 16429558 13706665 14183504 13593860 104481557 28451669 13341118 14952601 14261786 14486961 64058567 15064947 93208437
Lush_Plush 277203534 -1 -1 -1 -1 -1 -1 -1 13302532 14868187 13114096 13610753 41508457 13037067 14535533 14947200 1553965 8408675 3046218 2324588 47073613 5003809 3260689 10253574 -1 923210 18969835 37460367
Smol_Squish 2650365 113168 101378 55915 79805 15030 64958 56776 18588 46112 19578 19438 20767 91919 680330 993501 48196 6184 19499 17004 29686 39658 -1 67805 2772 22763 17475 -1
Woohee 517974780 13265100 27327852 8731415 30839285 31448987 10162821 14516798 13066986 15891828 8855040 18706951 14417553 14959822 13149697 26851952 6890309 9217587 37477095 36571969 6323942 15556668 15698571 6211545 13270025 10948570 22615452 75000960
Dead_Doc_13 125867596 1520367 2102939 2907037 4670633 1233294 1769712 9557380 617576 10634044 1243376 591575 1722766 2133972 2936989 1244258 2853543 9178113 13088058 1768352 17910134 59775 3822852 14088888 2745444 1026213 13299850 1140456
Wenlock1992 133023652 3322005 3321821 3321307 4082540 2042910 13073019 737977 13069170 2717378 13056455 512814 6174140 13098628 13158600 1241316 13094170 13137763 96434 29505 205405 330611 16451 13129404 7856 13788 32185 -1
Spellfire07 37659 5520 5557 5645 6533 -1 -1 -1 -1 -1 -1 -1 -1 9785 -1 -1 -1 -1 -1 -1 -1 -1 -1 -1 -1 -1 -1 -1
Floopdiwoop 6534289 76128 136550 78766 265910 37294 134882 595668 306911 751121 218401 314800 114773 327563 68461 337720 342701 104995 305054 126605 66045 446054 2526 1305901 18583 -1 49405 -1
THICCwarden 276349 31460 28827 21733 15805 -1 17172 5143 -1 2824 33759 -1 -1 8875 -1 2889 8998 5221 7695 -1 -1 3087 -1 -1 -1 70513 9609 -1
Ta_Aies_Nuil 2076218 15751 38394 21724 22227 2797 9476 13655 20608 295221 88862 52275 122584 55030 476696 808029 -1 -1 -1 -1 -1 -1 -1 -1 -1 27760 -1 -1
Jaykorr 248454 4565 6970 -1 14582 6274 6141 15367 6112 -1 -1 -1 117926 -1 13644 6004 -1 -1 -1 -1 -1 -1 -1 41429 -1 -1 -1 -1
Gazzza 351283847 13189000 13303341 13112166 20681702 22616804 9446094 10810460 14456427 7459110 7292160 15535947 5829831 13119383 13184109 7401269 14661473 14130994 13692409 21120813 14450333 13282034 13949768 3747484 3973100 3612283 4128407 43096946
Rabiy 1527278 37744 39321 25125 61819 29801 15003 109421 80808 118082 31025 186407 65634 114062 132082 249846 5093 16447 111842 -1 -1 4503 -1 6582 -1 6256 78062 -1
Rabia 480523789 13224017 56036799 13475165 36189368 13836780 13504913 17642652 13136931 13297831 13267518 13451072 13371250 13484216 13736471 13686257 14123410 13720902 20376493 18622614 17610257 13119277 14034347 14537676 13073450 13637623 13339705 42986795
Fairytale 747991160 1508606 13746131 1562795 76357774 149471797 13288284 21468189 21216028 17924055 14518705 23688378 19182302 16832648 14643852 21004720 15693162 13988371 106413589 50097321 22754647 13247869 13474229 13932196 13298301 30103596 16346721 12226894
