Mrawr 3417552029 108750553 200000000 120247254 200000000 200000000 104624710 200000000 43656669 104675713 50789080 136799208 132705699 45683199 105037485 164049584 110435206 105374442 119995607 200000000 174986955 113167478 47947535 49030551 114573790 200000000 65021311 200000000 
Aiyfe 482869979 13038122 27745660 13087758 25511074 13398918 17458030 13385830 13990875 14180824 13109286 18070871 14315482 16797536 14062677 28129266 15187728 13566164 13926382 25517037 17764403 13442896 15912509 13525598 13858423 20826661 14049052 49010917 
Riunn 1399605136 33600494 30198556 27851087 70012268 64519604 31768734 62243989 45600357 42498989 17347082 69049689 30407087 24337308 20457061 55850091 19824950 49293518 106234382 70857012 33408071 17306042 113997502 18542109 17691246 106997579 63478758 156231571 
MiracleEdrea 171485764 2641166 7819207 2883038 6043811 3502821 6663887 10018670 4206761 9939088 8414567 2688439 13157801 5211517 13993934 17737120 2875053 3685236 13182955 5424691 3066713 4544439 2244915 8600459 3178722 5031820 2772673 1956261 
Gadnuka 598544921 17209453 26565512 17062726 29493770 17689834 18223284 19893879 14663482 18563927 13327208 40660002 16305183 15741725 20531367 36863878 17918546 14805640 30003788 27758418 17638637 13277536 16016915 14640582 13686500 15283116 13749361 80970652 
Joe_G 855722819 13534784 91810222 16329499 49287468 21769857 15504565 14707339 14360708 19500038 14042431 23591648 16971080 14500908 14621139 21077239 21532190 14788535 200000000 25338817 19975011 15665820 15217892 15100539 14393894 78837494 16585021 56678681 
Miner_Setbak 205473985 13287868 13248332 13238210 14829098 7578271 13339275 13035340 14432662 6130762 15243707 3157231 5354486 3283044 13118595 17961301 1011863 892246 1091528 4306260 4505522 1230577 1227945 16571033 1041050 1987217 2022500 2348062 
Peace_Reborn 1473796294 25965996 25852017 37866913 57476650 46215613 22700266 55840840 21622741 30149648 20327621 54957149 25103309 35706917 30071270 66841845 109703984 40504539 32667406 114668125 130031859 16467059 27642884 30273749 71909459 121555188 28875278 192797969 
Peace_Maker 599773959 13332278 14413685 13444269 20706531 13983962 14778433 14061859 15111709 15628406 16555552 17988388 17956378 17478463 19035519 15091879 18869679 20265830 22567426 54243576 57588814 14112902 16571561 15831709 23033768 18601473 16287061 82232849 
Firekev 1079556141 38810858 38629555 37480954 57487879 30713065 19034049 48563648 19890097 19536459 15361797 47637997 112485191 16751742 24336632 26787770 38325328 17984369 104848399 51646861 96731902 14632370 24031955 15856725 16714261 34193256 16104760 94978262 
Supaskulled 92940051 2761393 4224122 2526759 4803095 2416117 6773623 4711825 1022966 1645151 1296336 636555 1903468 3216825 13803236 13599762 1384383 1763894 4974760 2954680 4422082 699700 706484 1336473 1359296 1653914 2712876 3630276 
Beerfisto 26779431 328107 297046 264571 339464 222218 222085 126573 742899 1338460 817015 769103 4629213 2358298 2314771 2620127 1411607 781198 165413 184298 244470 508385 317819 2434143 1214446 124384 1999146 -1 
Don_Dandello 116344919 834060 1210783 744451 1058492 908295 397504 1841142 1354352 2455540 3882823 1627537 1845756 6768769 14574551 32476228 1160953 3430048 13098559 1093663 409392 2576713 392442 2408889 535901 571953 8837218 9848905 
Sunohn 91369552 2708753 4128639 5621338 5275796 2794159 2704616 2847843 3730970 14554686 1464832 8475341 2746653 2530487 3262635 2886942 2186280 5468927 3265257 1986681 2214950 934560 1477492 2360044 2006625 1487896 2002144 245006 
Boat_Chan 849921648 32123523 37784609 33631889 44471723 18373958 16161890 18191584 16406358 15679182 15556870 19944023 17965186 18832430 24394325 58763516 72060027 20099188 27395929 41701818 40340666 14321330 20038506 17387314 18683975 57340025 16926387 115345417 
DecayedHopes 260576351 20235659 16842669 16850100 19863559 5401364 13321052 6970789 10156800 6614368 4132555 13289134 6898559 4298382 13041883 13159067 2694972 13718178 3821243 11829934 12130807 3279644 2752640 3025172 2380094 2793387 3696630 27377710 
T_ah 838095259 26355376 17102518 67592016 78441971 48408354 17349857 87798185 15427081 15359508 13227900 20915675 15488987 15441836 19949212 28149693 13674462 15710526 30958478 63957733 14800601 13373386 13524343 13843693 15490136 54807823 16438349 84507560 
Fantasea 493308352 21175365 105267838 6650336 64511084 40603016 11306635 43650205 5636113 6139823 6020339 7165629 5785347 5581076 13025589 13056778 14267528 12180161 5594511 18423212 6231678 5477587 6012573 7797756 10072491 19112355 5977249 26586078 
TheTrueHelix 182619006 2968033 3397952 3523299 3504625 2274087 2073869 2079759 4987078 7043911 5185025 9915923 13634309 13148622 13661053 14017122 9685562 2841573 18392930 2710964 21410916 1363702 3051099 2619663 1739685 2101328 6097110 9189807 
BunnyBuns 535938054 27702158 13699251 14158141 54399175 63686043 14702303 40953673 7856840 13131555 5501242 13050999 14783777 10760703 13433980 13586742 13403937 13046442 20936482 17426208 13156872 5614116 8051884 13080341 14027377 9789884 15044420 70953509 
White_Sundae 1309192746 98583506 59948028 104298903 130075784 54479672 24245863 104792766 14044383 15533506 13820695 17094778 18833932 13487162 15530807 19424393 34397148 16897712 13831920 141909943 22364891 13100052 13506020 14220133 104403369 16937744 13429636 200000000 
JK3 535821498 13555178 13805229 17711627 24387991 20753885 16748282 15647798 14441014 13576642 13106879 19397409 21386731 13363320 15094452 18892369 14642094 13712704 20922494 20748974 19639677 13191538 13502183 15663014 13321785 32683872 14439781 91484576 
Noscerius 911602144 18577463 32484532 14379863 91116463 19094052 14817694 200000000 13387898 14654622 13236022 17794018 14054511 13781473 14002303 16429558 13706665 14183504 13593860 104481557 28451669 13341118 14952601 14261786 14486961 64058567 15064947 93208437 
Firek3v 4442557 -1 -1 -1 -1 -1 -1 -1 140170 284739 111999 175495 119444 248608 466967 665925 68859 127373 284739 12642 146101 171416 75073 286128 -1 114678 940957 -1 
Smol_Squish 2220051 101718 86229 55915 73553 15022 50424 50386 18586 42042 19578 19438 20226 14144 654287 777290 41844 5184 13390 17004 14981 39543 -1 66975 2757 -1 17475 -1 
Woohee 517974780 13265100 27327852 8731415 30839285 31448987 10162821 14516798 13066986 15891828 8855040 18706951 14417553 14959822 13149697 26851952 6890309 9217587 37477095 36571969 6323942 15556668 15698571 6211545 13270025 10948570 22615452 75000960 
Kellys_Realm 273201817 -1 -1 -1 -1 -1 -1 -1 13302532 14501410 13034844 13610753 41508457 13036887 14535533 14947200 1546321 8408538 1212294 2316254 45837088 5003809 3260689 10253574 -1 923210 18891431 37069827 
Swimmyy 1186503068 27513191 136205605 27596244 139236039 120710147 16046795 120822218 14493336 19170566 13879361 13679761 57080016 15639261 14556624 19074718 46856995 18677826 14695929 42574919 27635004 13662184 13944220 16167867 14437793 104515157 17839542 99791750 
Dead_Doc_13 121000083 1520234 2102939 2907037 4670589 1233294 1762409 9557380 608059 7323755 1243125 591575 1690993 2133972 2936989 1244258 2853483 9169073 13079455 1768352 16734831 59775 3822852 14054480 2745444 753993 13299850 1131887 
Wenlock1992 133023652 3322005 3321821 3321307 4082540 2042910 13073019 737977 13069170 2717378 13056455 512814 6174140 13098628 13158600 1241316 13094170 13137763 96434 29505 205405 330611 16451 13129404 7856 13788 32185 -1 
Spellfire07 37659 5520 5557 5645 6533 -1 -1 -1 -1 -1 -1 -1 -1 9785 -1 -1 -1 -1 -1 -1 -1 -1 -1 -1 -1 -1 -1 -1 
Floopdiwoop 6534289 76128 136550 78766 265910 37294 134882 595668 306911 751121 218401 314800 114773 327563 68461 337720 342701 104995 305054 126605 66045 446054 2526 1305901 18583 -1 49405 -1 
THICCwarden 276349 31460 28827 21733 15805 -1 17172 5143 -1 2824 33759 -1 -1 8875 -1 2889 8998 5221 7695 -1 -1 3087 -1 -1 -1 70513 9609 -1 
Ta_Aies_Nuil 2076218 15751 38394 21724 22227 2797 9476 13655 20608 295221 88862 52275 122584 55030 476696 808029 -1 -1 -1 -1 -1 -1 -1 -1 -1 27760 -1 -1 
Jaykorr 47599 4500 4494 -1 5271 6044 -1 -1 -1 -1 -1 -1 -1 -1 -1 4532 -1 -1 -1 -1 -1 -1 -1 14236 -1 -1 -1 -1 
Fairytale 735437614 1508512 13746037 1562701 72958230 146774001 13154417 21450677 21215368 17923155 14510478 23688268 19111527 16650115 14476704 20859156 15681425 13660839 105756642 48826854 22197041 13245877 13378780 13733202 13292394 29977242 16332136 9765836 
